# unix_time, cycles_done, cur_path, paths_total, pending_total, pending_favs, map_size, unique_crashes, unique_hangs, max_depth, execs_per_sec
1603096148, 0, 0, 1, 1, 1, 0.01%, 0, 0, 1, 4000.00
1603096153, 23, 2, 4, 0, 0, 0.02%, 0, 0, 2, 7418.22
1603096158, 49, 0, 4, 0, 0, 0.02%, 0, 0, 2, 8105.37
1603096163, 73, 3, 4, 0, 0, 0.02%, 0, 0, 2, 8238.04
1603096168, 99, 3, 4, 0, 0, 0.02%, 0, 0, 2, 8254.41
1603096173, 126, 1, 4, 0, 0, 0.02%, 0, 0, 2, 8252.32
1603096179, 151, 2, 4, 0, 0, 0.02%, 0, 0, 2, 8259.19
1603096184, 176, 3, 4, 0, 0, 0.02%, 0, 0, 2, 8263.52
1603096189, 202, 1, 4, 0, 0, 0.02%, 0, 0, 2, 8256.22
1603096194, 227, 2, 4, 0, 0, 0.02%, 0, 0, 2, 8268.31
1603096199, 252, 3, 4, 0, 0, 0.02%, 0, 0, 2, 8235.23
1603096204, 277, 3, 4, 0, 0, 0.02%, 0, 0, 2, 8234.31
1603096209, 303, 0, 4, 0, 0, 0.02%, 0, 0, 2, 8242.13
1603096214, 328, 2, 4, 0, 0, 0.02%, 0, 0, 2, 8257.94
1603096219, 353, 2, 4, 0, 0, 0.02%, 0, 0, 2, 8256.25
1603096225, 379, 1, 4, 0, 0, 0.02%, 0, 0, 2, 8250.47
1603096230, 404, 3, 4, 0, 0, 0.02%, 0, 0, 2, 8259.13
1603096235, 430, 0, 4, 0, 0, 0.02%, 0, 0, 2, 8263.57
1603096240, 455, 1, 4, 0, 0, 0.02%, 0, 0, 2, 8264.63
1603096245, 480, 3, 4, 0, 0, 0.02%, 0, 0, 2, 8261.75
1603096250, 506, 0, 4, 0, 0, 0.02%, 0, 0, 2, 8253.96
1603096255, 532, 1, 4, 0, 0, 0.02%, 0, 0, 2, 8255.81
